00111100000000001111111111111111110000000000000000000000000000000000000000000000000000000000000000000000000000000000000000000
00111110000000111111111111111111111111000000000000000000000000000000000000000000000000000000000000000000000000000000000000000
00111111111111111111111111111111111111111111111111111111111110000000000000000000000000000000000000000000000000000000000000000
00111111111111111111111111111111111111111111111111111111111111111100000000000000000000000000000000111111111111111111111111110
00111111111111111111111111111111111111111111111111111111111111111111111111111111111111111111111111111111111111111111111111111
00111111111111111111111111111111111111111111111111111111111111111111111111111111111111111111111111111111111111111111111111111
00111111111111111111111111111111111111111111111111111111111111111111111111111111111111111111111111111111111111111111111111110
00111111111111111111111111111111111111111111111111111111111111111111111111111111111111111111111111111111111111111111111111100
00111111111111111111111111111111111111111111111111111111111111111111111111111111111111111111111111111111111111111101111111100
00111111111111111111111111111111111111111111111111111111111111111111111111111111111111111111111111111111111111111100111111100
00111111111111111111111111111111111111111111111111111111111111111111111111111111111111111111111111111111111111111101111111100
00111111111111111111111111111111111111111111111111111111111111111111111111111111111111111111111111111111111111111111111111100
00111111111111111111111111111111111111111111111111111111111111111111111111111111111111111111111111111111111111111111111111100
00111111111111111111111111111111111111111111111111111111111111111111111111111111111111111111111111111111111111111111111111000
00111111111111111111111111111111111111111111111111111111111111111111111111111111111111111111111111111111111111111111111111000
00111111111111111111111111111111111111111111111111111111111111111111111111111111111111111111111111111111111111111111111110000
00111111111111111111111111111111111111111111111111111111111111111111111111111111111111111111111111111111111111111111111111100
00111111111111111111111111111111111111111111111111111111111111111111111111111111111111111111111111111111111111111111111111100
00111111111111111111111111111111111111111111111111111111111111111111111111111111111111111111111111111111111111111111111111100
00111111111111111111111111111111111111111111111111111111111111111111111111111111111111111111111111111111111111111111111111100
00111111111111111111111111111111111111111111111111111111111111111111111111111111111111111111111111111111111111111111111111100
00111111111111111111111111111111111111111111111111111111111111111111111111111111111111111111111111111111111111111111111111100
00111111111111111111111111111111111111111111111111111111111111111111111111111111111111111111111111111111111111111111111111100
00111111111111111111111111111111111111111111111111111111111111111111111111111111111111111111111111111111111111111111111111100
00111111111111111111111111111111111111111111111111111111111111111111111111111111111111111111111111111111111111111111111111100
00111111111111111111111111111111111111111111111111111111111111111111111111111111111111111111111111111111111111111111111111100
00111111111111111111111111111111111111111111111111111111111111111111111111111111111111111111111111111111111111111111111111100
00111111111111111111111111111111111111111111111111111111111111111111111111111111111111111111111111111111111111111111111111100
00111111111111111111111111111111111111111111111111111111111111111111111111111111111111111111111111111111111111111111111111100
00111111111111111111111111111111111111111111111111111111111111111111111111111111111111111111111111111111111111111111111111100
00111111111111111111111111111111111111111111111111111111111111111111111111111111111111111111111111111111111111111111111111100
00111111111111111111111111111111111111111111111111111111111111111111111111111111111111111111111111111111111111111111111111100
00111111111111111111111111111111111111111111111111111111111111111111111111111111111111111111111111111111111111111111111111000
00111111111111111111111111111111111111111111111111111111111111111111111111111111111111111111111111111111111111111111111111000
00111111111111111111111111111111111111111111111111111111111111111111111111111111111111111111111111111111111111111111111111000
00111111111111111111111111111111111111111111111111111111111111111111111111111111111111111111111111111111111111111111111111000
00111111111111111111111111111111111111111111111111111111111111111111111111111111111111111111111111111111111111111111111111000
00111111111111111111111111111111111111111111111111111111111111111111111111111111111111111111111111111111111111111111111111000
00111111111111111111111111111111111111111111111111111111111111111111111111111111111111111111111111111111111111111111111111000
00111111111111111111111111111111111111111111111111111111111111111111111111111111111111111111111111111111111111111111111111000
00111111111111111111111111111111111111111111111111111111111111111111111111111111111111111111111111111111111111111111111111000
00111111111111111111111111111111111111111111111111111111111111111111111111111111111111111111111111111111111111111111111111000
00111111111111111111111111111111111111111111111111111111111111111111111111111111111111111111111111111111111111111111111111000
00111111111111111111111111111111111111111111111111111111111111111111111111111111111111111111111111111111111111111111111111000
00111111111111111111111111111111111111111111111111111111111111111111111111111111111111111111111111111111111111111111111111000
00111111111111111111111111111111111111111111111111111111111111111111111111111111111111111111111111111111111111111111111111000
00111111111111111111111111111111111111111111111111111111111111111111111111111111111111111111111111111111111111111111111111000
00111111111111111111111111111111111111111111111111111111111111111111111111111111111111111111111111111111111111111111111111000
00111111111111111111111111111111111111111111111111111111111111111111111111111111111111111111111111111111111111111111111111000
00111111111111111111111111111111111111111111111111111111111111111111111111111111111111111111111111111111111111111111111111000
00111111111111111111111111111111111111111111111111111111111111111111111111111111111111111111111111111111111111111111111111000
00111111111111111111111111111111111111111111111111111111111111111111111111111111111111111111111111111111111111111111111111000
00111111111111111111111111111111111111111111111111111111111111111111111111111111111111111111111111111111111111111111111111000
00111111111111111111111111111111111111111111111111111111111111111111111111111111111111111111111111111111111111111111111111000
00111111111111111111111111111111111111111111111111111111111111111111111111111111111111111111111111111111111111111111111111000
00111111111111111111111111111111111111111111111111111111111111111111111111111111111111111111111111111111111111111111111111000
00111111111111111111111111111111111111111111111111111111111111111111111111111111111111111111111111111111111111111111111111000
00111111111111111111111111111111111111111111111111111111111111111111111111111111111111111111111111111111111111111111111111000
00111111111111111111111111111111111111111111111111111111111111111111111111111111111111111111111111111111111111111111111111000
00111111111111111111111111111111111111111111111111111111111111111111111111111111111111111111111111111111111111111111111111000
00111111111111111111111111111111111111111111111111111111111111111111111111111111111111111111111111111111111111111111111111000
00111111111111111111111111111111111111111111111111111111111111111111111111111111111111111111111111111111111111111111111111000
00111111111111111111111111111111111111111111111111111111111111111111111111111111111111111111111111111111111111111111111111000
00111111111111111111111111111111111111111111111111111111111111111111111111111111111111111111111111111111111111111111111111000
01111111111111111111111111111111111111111111111111111111111111111111111111111111111111111111111111111111111111111111111111000
01111111111111111111111111111111111111111111111111111111111111111111111111111111111111111111111111111111111111111111111111000
01111111111111111111111111111111111111111111111111111111111111111111111111111111111111111111111111111111111111111111111111000
01111111111111111111111111111111111111111111111111111111111111111111111111111111111111111111111111111111111111111111111111000
01111111111111111111111111111111111111111111111111111111111111111111111111111111111111111111111111111111111111111111111111000
01111111111111111111111111111111111111111111111111111111111111111111111111111111111111111111111111111111111111111111111111000
01111111111111111111111111111111111111111111111111111111111111111111111111111111111111111111111111111111111111111111111111000
01111111111111111111111111111111111111111111111111111111111111111111111111111111111111111111111111111111111111111111111111000
01111111111111111111111111111111111111111111111111111111111111111111111111111111111111111111111111111111111111111111111111000
01111111111111111111111111111111111111111111111111111111111111111111111111111111111111111111111111111111111111111111111111000
01111111111111111111111111111111111111111111111111111111111111111111111111111111111111111111111111111111111111111111111111000
11111111111111111111111111111111111111111111111111111111111111111111111111111111111111111111111111111111111111111111111111000
11111111111111111111111111111111111111111111111111111111111111111111111111111111111111111111111111111111111111111111111111000
11111111111111111111111111111111111111111111111111111111111111111111111111111111111111111111111111111111111111111111111111000
11111111111111111111111111111111111111111111111111111111111111111111111111111111111111111111111111111111111111111111111111000
11111111111111111111111111111111111111111111111111111111111111111111111111111111111111111111111111111111111111111111111111000
01111111111111111111111111111111111111111111111111111111111111111111111111111111111111111111111111111111111111111111111111000
01111111111111111111111111111111111111111111111111111111111111111111111111111111111111111111111111111111111111111111111111000
00111111111111111111111111111111111111111111111111111111111111111111111111111111111111111111111111111111111111111111111111000
00111111111111111111111111111111111111111111111111111111111111111111111111111111111111111111111111111111111111111111111111000
00111111111111111111111111111111111111111111111111111111111111111111111111111111111111111111111111111111111111111111111111000
00111111111111111111111111111111111111111111111111111111111111111111111111111111111111111111111111111111111111111111111111000
00111111111111111111111111111111111111111111111111111111111111111111111111111111111111111111111111111111111111111111111110000
00111111111111111111111111111111111111111111111111111111111111111111111111111111111111111111111111111111111111111111111110000
00111111111111111111111111111111111111111111111111111111111111111111111111111111111111111111111111111111111111111111111110000
00111111111111111111111111111111111111111111111111111111111111111111111111111111111111111111111111111111111111111111111110000
00111111111111111111111111111111111111111111111111111111111111111111111111111111111111111111111111111111111111111111111110000
00111111111111111111111111111111111111111111111111111111111111111111111111111111111111111111111111111111111111111111111110000
00111111111111111111111111111111111111111111111111111111111111111111111111111111111111111111111111111111111111111111111110000
00111111111111111111111111111111111111111111111111111111111111111111111111111111111111111111111111111111111111111111111110000
00111111111111111111111111111111111111111111111111111111111111111111111111111111111111111111111111111111111111111111111110000
00111111111111111111111111111111111111111111111111111111111111111111111111111111111111111111111111111111111111111111111110000
00111111111111111111111111111111111111111111111111111111111111111111111111111111111111111111111111111111111111111111111110000
00111111111111111111111111111111111111111111111111111111111111111111111111111111111111111111111111111111111111111111111110000
00111111111111111111111111111111111111111111111111111111111111111111111111111111111111111111111111111111111111111111111110000
00111111111111111111111111111111111111111111111111111111111111111111111111111111111111111111111111111111111111111111111110000
00011111111111111111111111111111111111111111111111111111111111111111111111111111111111111111111111111111111111111111111110000
00001111111111111111111111111111111111111111111111111111111111111111111111111111111111111111111111111111111111111111111110000
00001111111111111111111111111111111111111111111111111111111111111111111111111111111111111111111111111111111111111111111110000
00000111111111111111111111111111111111111111111111111111111111111111111111111111111111111111111111111111111111111111111110000
00000111111111111111111111111111111111111111111111111111111111111111111111111111111111111111111111111111111111111111111111000
00000111111111111111111111111111111111111111111111111111111111111111111111111111111111111111111111111111111111111111111111000
00000011111111111111111111111111111111111111111111111111111111111111111111111111111111111111111111111111111111111111111111000
00000011111111111111111111111111111111111111111111111111111111111111111111111111111111111111111111111111111111111111111111000
00000011111111111111111111111111111111111111111111111111111111111111111111111111111111111111111111111111111111111111111111000
00000001111111111111111111111111111111111111111111111111111111111111111111111111111111111111111111111111111111111111111111000
00000001111111111111111111111111111111111111111111111111111111111111111111111111111111111111111111111111111111111111111111000
00000001111111111111111111111111111111111111111111111111111111111111111111111111111111111111111111111111111111111111111111000
00000000000000000011111111111111111111111111111111111111111111111111111111111111111111111111111111111111111111111111111110000
00000000000000000000000001111111111111111111111111111111111111111111111111111111111111111111111111111111111111111111111110000
00000000000000000000000000000000001111111111111111111111111111111111111111111111111111111111111111111111111111111111111110000
00000000000000000000000000000000000000000000000000111111111111111111111111111111111111111111111111111111111111111100111100000
00000000000000000000000000000000000000000000000000000000000000000011111111111111111111111111111111111111111111111100000000000
00000000000000000000000000000000000000000000000000000000000000000000000000000011111111111111111111
